gap + sesci + kobe
L   lambda  sigma   psnr    # 步长大到2就不能收敛了
1   10      10      26.3236 # sigma都过大了
0.8 10      10      26.3717
1   10      20      26.3236
1   10      1       26.3236
1   10      1000    26.3236
1   10      1e-2    26.3904
1   10      1e-1    27.1746 # 27.3210
1   10      2e-2    26.7025
1   10      5e-3    25.5546
1   10      1.1e-2  26.4887 # ??
1   10      1.3e-2  26.6518
1   15      1e-1    27.1859
1   5       1e-1    27.3936
1   2       1e-1    27.4441
1   4       1e-1    27.5216
0.5 4       1e-1    27.5368 # 缩短步长 80
0.4 4       1e-1    27.0280 # 40 
0.4 10      1e-1    27.1577 # 40
0.5 10      1e-1    27.2564 # 40
0.5 4       5e-2    27.9672 # 80
0.5 4       1e-2    27.4452 # 80
0.5 4       2e-2    27.9524 # 80
0.5 4       3e-2    27.9307 # 80
0.5 4       4e-2    27.9940 # 80
0.4 5       4e-2    27.9141 # 80
0.4 4       4e-2    27.9990 # 80
0.4 2       4e-2    28.0524 # 80
0.3 2       4e-2    28.0489 # 80
0.4 1       4e-2    27.5904 # 80
0.4 2       4e-2    28.2634 # 120
0.4 2       4e-2    28.5746 # 300
0.4 2       4e-2    28.5746 # 1000


